-2.68147 47.47437 0.1898 0.7850 0.464 0.357
-4.44362 52.07167 0.8645 -0.7558 0.436 0.371
-5.04319 51.88720 0.3161 -0.9621 0.388 0.318
-2.36697 50.10515 0.1310 -0.4312 0.214 0.316
14.94204 52.41774 -0.5592 0.4324 0.373 0.337
15.39165 56.31145 0.8734 -0.0603 0.274 0.451
-3.53058 48.81110 0.0702 0.9272 0.312 0.422
-6.55085 45.53008 -0.5757 -0.6745 0.325 0.448
8.785672 49.31514 0.6348 0.6096 0.237 0.448
15.76706 54.35468 0.2664 0.2501 0.212 0.310
12.02481 51.44813 -0.3388 -0.3007 0.279 0.301
4.974824 55.99169 0.9734 0.1587 0.367 0.274
8.781212 51.34815 -0.6940 0.6630 0.409 0.398
-7.92608 54.65735 -0.7584 0.0577 0.254 0.244
-1.59347 45.95342 -0.1519 0.8084 0.450 0.282
-1.75132 51.09940 0.7754 0.5028 0.313 0.435
-0.19891 49.63731 0.7940 -0.5452 0.280 0.419
-0.20348 50.05020 -0.6766 -0.3647 0.220 0.456
-9.51564 52.84910 0.9148 -0.4712 0.425 0.315
15.61355 53.92890 0.3565 -0.4670 0.283 0.352
-5.40961 53.39841 0.5423 -0.4507 0.203 0.249
-10.5261 52.43174 0.7296 -0.4390 0.469 0.385
15.73713 54.10306 0.1266 -0.3835 0.456 0.349
3.505829 56.66678 -0.5634 0.7608 0.452 0.472
9.848828 53.15385 -0.8839 -0.5661 0.234 0.471
9.632978 49.82621 0.4554 0.3518 0.390 0.298
8.567938 53.17067 0.0113 -0.0552 0.298 0.398
3.169461 50.41584 -0.5202 0.8891 0.289 0.293
14.56194 56.58697 -0.7255 0.8249 0.378 0.332
11.59338 55.47950 -0.4960 0.0569 0.208 0.392
3.547172 53.55634 -0.6298 0.3391 0.414 0.482
-2.63916 50.81018 0.2053 -0.7779 0.438 0.380
8.833061 48.99054 -0.5955 0.7304 0.298 0.310
-4.19257 44.48775 -0.5714 -0.3740 0.348 0.418
15.16252 52.32605 0.0028 -0.7357 0.401 0.360
-5.56943 55.75693 0.0404 0.3551 0.286 0.461
-3.90734 47.71631 -0.6109 -0.5152 0.470 0.311
6.698509 56.67381 -0.7862 0.1216 0.409 0.340
8.616398 51.79800 0.3028 0.0360 0.201 0.360
10.42027 51.51664 0.5933 0.2701 0.419 0.210
-9.11892 53.82333 -0.0277 -0.3363 0.335 0.390
15.72367 57.69655 -0.9685 -0.7029 0.372 0.378
-7.71252 48.66479 0.9653 -0.8322 0.423 0.484
2.896125 51.86035 0.3237 0.5139 0.223 0.259
7.972490 50.19245 -0.3471 -0.5683 0.460 0.204
7.268706 46.78922 -0.8248 0.1317 0.368 0.306
11.91995 52.63291 0.9951 0.5242 0.246 0.310
8.939329 50.44298 0.5503 -0.6227 0.338 0.379
-5.46656 54.91223 0.3885 0.1738 0.276 0.500
10.66298 51.69808 0.8183 0.3088 0.417 0.440
52.09660 47.65661 -0.7577 -0.8521 0.314 0.320
60.63413 48.93732 -0.5502 -0.2760 0.282 0.406
58.24290 45.86879 0.0606 0.0191 0.395 0.211
59.41460 51.11581 0.1134 0.4741 0.357 0.479
67.11425 49.39890 -0.8460 0.5879 0.480 0.473
52.35642 53.38770 0.8644 0.2716 0.441 0.480
52.88234 44.19258 -0.2424 -0.4256 0.475 0.386
59.74529 49.62718 -0.4695 0.6737 0.349 0.311
60.12196 57.24390 -0.8094 -0.9978 0.232 0.296
56.08823 45.49747 -0.5134 -0.4982 0.219 0.351
60.82599 48.76216 -0.1406 0.1800 0.303 0.433
59.16289 46.39625 -0.6000 0.4388 0.368 0.420
60.25886 51.76906 -0.5996 -0.3078 0.425 0.238
60.15779 47.79123 0.9960 0.0420 0.289 0.368
52.06929 44.30020 0.4404 0.8384 0.474 0.317
54.35447 54.87184 0.8010 -0.2815 0.339 0.226
54.72090 51.18734 0.8771 -0.6371 0.403 0.498
50.77137 48.73211 -0.0417 0.6864 0.281 0.385
61.82483 53.95310 -0.8702 0.0830 0.397 0.330
62.04261 58.07195 0.7930 0.3298 0.285 0.224
50.93844 44.00435 0.3885 0.2335 0.383 0.446
66.68811 53.15318 0.2924 0.9897 0.213 0.384
61.58889 57.54287 -0.1833 -0.4618 0.213 0.307
67.40734 51.01378 -0.8627 0.0405 0.271 0.481
57.80524 50.24956 -0.0367 -0.2745 0.394 0.318
64.04971 49.51095 0.2419 -0.6209 0.258 0.309
114.3361 29.58021 0.1865 2.6758 0.464 0.266
108.9165 33.55486 0.5564 1.6510 0.312 0.383
110.8604 39.42455 -0.6262 1.5071 0.205 0.574
104.9967 33.71896 -1.2330 2.7325 0.512 0.545
106.7582 33.78227 -1.3038 2.4005 0.590 0.212
112.7108 29.10637 0.6212 2.0330 0.457 0.262
113.7369 36.63365 0.3914 2.3574 0.375 0.542
101.0926 28.43329 -0.8186 1.5747 0.316 0.304
108.1401 33.11195 -0.9599 1.9329 0.393 0.562
111.1417 34.83385 -0.6636 2.8799 0.345 0.405
106.9523 30.46443 0.4140 2.0043 0.308 0.231
102.9240 26.11465 -0.5174 2.6269 0.499 0.239
108.5526 27.89652 0.0316 1.7643 0.576 0.577
109.0892 27.97494 -0.9923 1.1861 0.209 0.539
110.0451 32.34479 -0.8993 1.6083 0.469 0.354
106.6011 25.15581 0.7267 2.2271 0.557 0.466
102.9264 26.21770 0.3006 1.3826 0.340 0.350
112.2504 28.26020 0.1462 1.1402 0.264 0.591
109.6530 24.66221 0.0848 1.1208 0.451 0.438
41.8866 -6.49379 -3.3850 -3.2829 0.327 0.376
37.7884 -0.32569 -3.1565 -3.2274 0.358 0.427
40.44 -7.04919 -3.0830 -3.2296 0.206 0.583
34.9991 0.532400 -3.5043 -2.7756 0.740 0.362
42.56110 7.948399 -3.2885 -4.1007 0.777 0.432
47.2085 0.086500 -2.7234 -3.4920 0.283 0.372
43.2004 -2.18030 -3.1751 -3.5215 0.377 0.520
37.2008 5.453599 -2.5627 -3.7193 0.490 0.649
43.2609 -0.79590 -3.0783 -3.9973 0.570 0.518
46.2628 -1.42949 -4.0079 -3.0032 0.451 0.420
38.6656 -0.76889 -3.4754 -3.6234 0.472 0.419
41.0745 -5.96460 -3.3859 -4.0804 0.611 0.542
38.2621 -2.66610 -4.3918 -3.3741 0.693 0.208
3.228288 -33.1914 2.5336 0.9192 0.297 0.367
13.57752 -33.0227 1.9441 -0.3206 0.290 0.494
12.97685 -27.2527 1.7145 0.7317 0.299 0.400
17.72947 -28.8559 2.6926 -0.2255 0.326 0.292
10.36975 -36.1703 3.3628 0.1229 0.316 0.306
17.82906 -24.6766 2.8456 -0.1760 0.292 0.392
8.879190 -24.0608 1.7960 -0.1734 0.297 0.370
3.797270 -32.1459 1.4485 0.6717 0.459 0.240
14.02690 -26.5396 1.4342 -0.3341 0.215 0.480
13.02628 -24.4989 2.1677 0.6553 0.334 0.439
13.15334 -16.8130 1.4583 0.4601 0.360 0.460
14.82155 -28.3812 2.5999 -0.0451 0.414 0.484
12.59346 -25.2634 2.9155 1.2574 0.414 0.272
11.65820 -24.1134 1.1281 -0.4987 0.214 0.481
4.778767 -32.9700 1.9072 0.6183 0.476 0.294
8.558108 -32.0945 2.5363 0.0790 0.399 0.295
9.931463 -20.6287 1.0006 1.1112 0.485 0.420
17.95964 -25.8605 1.7468 0.1834 0.343 0.412
18.74799 -36.4657 1.5009 0.1376 0.215 0.202
10.69081 -20.4461 1.0195 1.1096 0.373 0.412
7.637037 -28.8190 2.8144 0.3876 0.376 0.437
21.54233 -34.0504 1.7364 1.2442 0.467 0.437
